spock:4.0, 4.5, 4.5, 5.0, 5.0, 2.0
scotty : 4.5, 3.0, 4.0, 3.5, 5.0, 2.0, 5.0, 5.0, 4.5
sulu:3.5     ,  3.0, 5.0, 4.5, 2.0, 3.5, 4.5, 3.0, 2.0, 4.5, 4.0, 5.0, 2.0, 5.0, 3.5, 4.5, 5.0, 5.0, 4.5, 4.0, 5.0, 3.5, 5.0, 5.0, 5.0, 4.5, 5.0, 3.5, 3.5, 4.0, 4.0, 3.5, 4.0, 5.0, 3.0, 3.0
chekov:2.0, 4.5, 5.0     , 5.0, 4.0, 5.0, 5.0, 2.0, 3.0, 4.5
yar:3.0, 2.0, 5.0,   2.0, 3.0, 5.0, 3.0, 4.5, 5.0, 5.0, 5.0, 5.0, 4.5, 3.5, 2.0, 3.5, 4.0, 3.5, 2.0
enterprise:3.5, 2.0, 3.0, 3.0   
riker    :   3.0, 3.0, 3.0, 2.0, 4.0, 2.0, 5.0, 5.0, 4.0, 2.0, 5.0, 3.5, 3.0, 2.0, 2.0, 4.5, 4.5, 5.0, 3.5, 4.5, 3.5, 4.5, 3.0, 5.0, 5.0, 3.0, 3.5, 3.5, 5.0, 5.0, 4.5, 3.0, 2.0, 5.0, 5.0, 3.0, 4.5, 3.0
picard : 3.0  , 3.0, 3.0, 4.0, 3.5, 4.0, 3.0, 5.0, 5.0, 4.5, 4.0
laforge:    4.0, 4.5, 5.0, 3.5, 4.5, 4.5, 4.5, 2.0, 3.0, 3.0, 3.5
yoda:3.5, 4.0, 4.5, 4.5, 2.0
worf    :2.0, 5.0, 4.0, 4.0, 3.5, 4.5    , 5.0
starfleet:5.0, 4.5, 3.5, 3.0, 4.0, 3.0, 4.0, 2.0, 3.0, 2.0, 5.0, 2.0, 3.5, 4.5, 4.5, 4.0, 3.0, 3.0, 3.5, 3.0, 3.0, 3.5, 2.0, 3.0, 3.5, 4.0, 4.5, 5.0, 3.5, 5.0, 3.5, 3.5, 3.5, 3.0, 5.0, 3.5, 4.5, 3.0, 4.5, 4.5, 5.0, 4.5, 3.5, 2.0, 3.0, 3.0, 4.0, 5.0, 5.0
kirk:4.0, 3.0, 5.0, 5.0, 5.0, 2.0, 2.0, 4.0
uhura   :   3.5, 2.0, 5.0, 5.0, 5.0   , 4.0, 5.0, 5.0, 4.0, 4.5, 3.0, 3.0, 3.5, 4.0, 3.5, 4.0, 5.0, 4.0, 3.0, 4.5, 4.5, 5.0, 3.5, 4.0, 4.5, 5.0, 5.0, 5.0, 3.0, 5.0, 4.0, 4.0, 5.0, 4.5, 5.0, 3.0, 4.0, 5.0, 4.5, 2.0, 4.5, 5.0, 4.0, 3.0, 3.0, 4.5, 2.0, 2.0, 3.0, 3.5, 5.0